Train_loss 1 : [(0.2672948762660935, 0.42963626781061026, 0.9417242576898158, 0.8942529980109727, 0.41362289901197424)]
val_loss 1 : [(0.4362972822189331, 0.30587113688726464, 0.9317715044316894, 0.8757554642283244, 0.295169244429894)]
Train_loss 2 : [(0.2672948762660935, 0.42963626781061026, 0.9417242576898158, 0.8942529980109727, 0.41362289901197424), (0.14312118402336324, 0.7606130958366671, 0.9683394849453678, 0.94407537467051, 0.7324162528814809)]
val_loss 2 : [(0.4362972822189331, 0.30587113688726464, 0.9317715044316894, 0.8757554642283244, 0.295169244429894), (0.5771600502729416, 0.37565389509401953, 0.930179610422464, 0.8744045164317914, 0.33340820694817236)]
Train_loss 3 : [(0.2672948762660935, 0.42963626781061026, 0.9417242576898158, 0.8942529980109727, 0.41362289901197424), (0.14312118402336324, 0.7606130958366671, 0.9683394849453678, 0.94407537467051, 0.7324162528814809), (0.08754349040488402, 0.860605993087256, 0.9805866178031836, 0.9659196067976933, 0.8418740616576297)]
val_loss 3 : [(0.4362972822189331, 0.30587113688726464, 0.9317715044316894, 0.8757554642283244, 0.295169244429894), (0.5771600502729416, 0.37565389509401953, 0.930179610422464, 0.8744045164317914, 0.33340820694817236), (0.7535862481594086, 0.35179640718562877, 0.9319620999041498, 0.8768504429686722, 0.3253696724595377)]
Train_loss 4 : [(0.2672948762660935, 0.42963626781061026, 0.9417242576898158, 0.8942529980109727, 0.41362289901197424), (0.14312118402336324, 0.7606130958366671, 0.9683394849453678, 0.94407537467051, 0.7324162528814809), (0.08754349040488402, 0.860605993087256, 0.9805866178031836, 0.9659196067976933, 0.8418740616576297), (0.055483338229712985, 0.9136282833298999, 0.9876860565874609, 0.9784451676033004, 0.9014258706173266)]
val_loss 4 : [(0.4362972822189331, 0.30587113688726464, 0.9317715044316894, 0.8757554642283244, 0.295169244429894), (0.5771600502729416, 0.37565389509401953, 0.930179610422464, 0.8744045164317914, 0.33340820694817236), (0.7535862481594086, 0.35179640718562877, 0.9319620999041498, 0.8768504429686722, 0.3253696724595377), (0.895335372209549, 0.33249331806032834, 0.9314683998839643, 0.8756985822158388, 0.31019689718126886)]
Train_loss 5 : [(0.2672948762660935, 0.42963626781061026, 0.9417242576898158, 0.8942529980109727, 0.41362289901197424), (0.14312118402336324, 0.7606130958366671, 0.9683394849453678, 0.94407537467051, 0.7324162528814809), (0.08754349040488402, 0.860605993087256, 0.9805866178031836, 0.9659196067976933, 0.8418740616576297), (0.055483338229712985, 0.9136282833298999, 0.9876860565874609, 0.9784451676033004, 0.9014258706173266), (0.03566221461587009, 0.9455142101497973, 0.9921704213494741, 0.986308328515679, 0.9377119680807003)]
val_loss 5 : [(0.4362972822189331, 0.30587113688726464, 0.9317715044316894, 0.8757554642283244, 0.295169244429894), (0.5771600502729416, 0.37565389509401953, 0.930179610422464, 0.8744045164317914, 0.33340820694817236), (0.7535862481594086, 0.35179640718562877, 0.9319620999041498, 0.8768504429686722, 0.3253696724595377), (0.895335372209549, 0.33249331806032834, 0.9314683998839643, 0.8756985822158388, 0.31019689718126886), (0.9763037679195404, 0.34474528231520846, 0.930954532950839, 0.8750728800784972, 0.31555275024855806)]
Train_loss 6 : [(0.2672948762660935, 0.42963626781061026, 0.9417242576898158, 0.8942529980109727, 0.41362289901197424), (0.14312118402336324, 0.7606130958366671, 0.9683394849453678, 0.94407537467051, 0.7324162528814809), (0.08754349040488402, 0.860605993087256, 0.9805866178031836, 0.9659196067976933, 0.8418740616576297), (0.055483338229712985, 0.9136282833298999, 0.9876860565874609, 0.9784451676033004, 0.9014258706173266), (0.03566221461587009, 0.9455142101497973, 0.9921704213494741, 0.986308328515679, 0.9377119680807003), (0.02348385978734032, 0.9653420990133212, 0.9949964505267325, 0.991255361555595, 0.9603426506996051)]
val_loss 6 : [(0.4362972822189331, 0.30587113688726464, 0.9317715044316894, 0.8757554642283244, 0.295169244429894), (0.5771600502729416, 0.37565389509401953, 0.930179610422464, 0.8744045164317914, 0.33340820694817236), (0.7535862481594086, 0.35179640718562877, 0.9319620999041498, 0.8768504429686722, 0.3253696724595377), (0.895335372209549, 0.33249331806032834, 0.9314683998839643, 0.8756985822158388, 0.31019689718126886), (0.9763037679195404, 0.34474528231520846, 0.930954532950839, 0.8750728800784972, 0.31555275024855806), (1.0561966240406035, 0.33688051079355424, 0.9315689565913121, 0.8759403307689027, 0.31358792972682387)]
Train_loss 7 : [(0.2672948762660935, 0.42963626781061026, 0.9417242576898158, 0.8942529980109727, 0.41362289901197424), (0.14312118402336324, 0.7606130958366671, 0.9683394849453678, 0.94407537467051, 0.7324162528814809), (0.08754349040488402, 0.860605993087256, 0.9805866178031836, 0.9659196067976933, 0.8418740616576297), (0.055483338229712985, 0.9136282833298999, 0.9876860565874609, 0.9784451676033004, 0.9014258706173266), (0.03566221461587009, 0.9455142101497973, 0.9921704213494741, 0.986308328515679, 0.9377119680807003), (0.02348385978734032, 0.9653420990133212, 0.9949964505267325, 0.991255361555595, 0.9603426506996051), (0.01651568617009824, 0.976450633430231, 0.9965970145066236, 0.994053346243966, 0.9730495576908768)]
val_loss 7 : [(0.4362972822189331, 0.30587113688726464, 0.9317715044316894, 0.8757554642283244, 0.295169244429894), (0.5771600502729416, 0.37565389509401953, 0.930179610422464, 0.8744045164317914, 0.33340820694817236), (0.7535862481594086, 0.35179640718562877, 0.9319620999041498, 0.8768504429686722, 0.3253696724595377), (0.895335372209549, 0.33249331806032834, 0.9314683998839643, 0.8756985822158388, 0.31019689718126886), (0.9763037679195404, 0.34474528231520846, 0.930954532950839, 0.8750728800784972, 0.31555275024855806), (1.0561966240406035, 0.33688051079355424, 0.9315689565913121, 0.8759403307689027, 0.31358792972682387), (1.0983449144363404, 0.36200794510653667, 0.9303374685520951, 0.8743902959286699, 0.32444712049180613)]
