Train_loss 1 : [(0.25785257711573595, 0.44637852143037887, 0.943905052325835, 0.8981317657358315, 0.43476314422520795)]
val_loss 1 : [(0.4580139534473419, 0.29780033840947545, 0.9320367149909149, 0.8760683152969952, 0.29198863762559113)]
Train_loss 2 : [(0.25785257711573595, 0.44637852143037887, 0.943905052325835, 0.8981317657358315, 0.43476314422520795), (0.1376311779460057, 0.7690198367868903, 0.9692924880933382, 0.9457916685696187, 0.7409921105175994)]
val_loss 2 : [(0.4580139534473419, 0.29780033840947545, 0.9320367149909149, 0.8760683152969952, 0.29198863762559113), (0.6347898162603378, 0.3594049197230815, 0.9315463073726626, 0.876310063850059, 0.3282844571861106)]
Train_loss 3 : [(0.25785257711573595, 0.44637852143037887, 0.943905052325835, 0.8981317657358315, 0.43476314422520795), (0.1376311779460057, 0.7690198367868903, 0.9692924880933382, 0.9457916685696187, 0.7409921105175994), (0.08525214576865679, 0.8631392212412543, 0.9809169191737435, 0.9665042880181639, 0.8445157313312648)]
val_loss 3 : [(0.4580139534473419, 0.29780033840947545, 0.9320367149909149, 0.8760683152969952, 0.29198863762559113), (0.6347898162603378, 0.3594049197230815, 0.9315463073726626, 0.876310063850059, 0.3282844571861106), (0.7257872706651688, 0.36357132637001005, 0.9297669424619465, 0.8734944042320217, 0.32308861484779705)]
Train_loss 4 : [(0.25785257711573595, 0.44637852143037887, 0.943905052325835, 0.8981317657358315, 0.43476314422520795), (0.1376311779460057, 0.7690198367868903, 0.9692924880933382, 0.9457916685696187, 0.7409921105175994), (0.08525214576865679, 0.8631392212412543, 0.9809169191737435, 0.9665042880181639, 0.8445157313312648), (0.055916349867245085, 0.9123825749227096, 0.9875446753457466, 0.978189797369715, 0.9000015555391689)]
val_loss 4 : [(0.4580139534473419, 0.29780033840947545, 0.9320367149909149, 0.8760683152969952, 0.29198863762559113), (0.6347898162603378, 0.3594049197230815, 0.9315463073726626, 0.876310063850059, 0.3282844571861106), (0.7257872706651688, 0.36357132637001005, 0.9297669424619465, 0.8734944042320217, 0.32308861484779705), (0.8554777417182923, 0.34516058233960056, 0.9295046978491489, 0.8727122765603447, 0.3089448943752103)]
Train_loss 5 : [(0.25785257711573595, 0.44637852143037887, 0.943905052325835, 0.8981317657358315, 0.43476314422520795), (0.1376311779460057, 0.7690198367868903, 0.9692924880933382, 0.9457916685696187, 0.7409921105175994), (0.08525214576865679, 0.8631392212412543, 0.9809169191737435, 0.9665042880181639, 0.8445157313312648), (0.055916349867245085, 0.9123825749227096, 0.9875446753457466, 0.978189797369715, 0.9000015555391689), (0.03761933114467213, 0.9427086541058087, 0.991800788935913, 0.9856546085741383, 0.9345261268563523)]
val_loss 5 : [(0.4580139534473419, 0.29780033840947545, 0.9320367149909149, 0.8760683152969952, 0.29198863762559113), (0.6347898162603378, 0.3594049197230815, 0.9315463073726626, 0.876310063850059, 0.3282844571861106), (0.7257872706651688, 0.36357132637001005, 0.9297669424619465, 0.8734944042320217, 0.32308861484779705), (0.8554777417182923, 0.34516058233960056, 0.9295046978491489, 0.8727122765603447, 0.3089448943752103), (0.913160964012146, 0.37606129633464486, 0.9283500455788515, 0.8714608722856615, 0.32669590486535227)]
Train_loss 6 : [(0.25785257711573595, 0.44637852143037887, 0.943905052325835, 0.8981317657358315, 0.43476314422520795), (0.1376311779460057, 0.7690198367868903, 0.9692924880933382, 0.9457916685696187, 0.7409921105175994), (0.08525214576865679, 0.8631392212412543, 0.9809169191737435, 0.9665042880181639, 0.8445157313312648), (0.055916349867245085, 0.9123825749227096, 0.9875446753457466, 0.978189797369715, 0.9000015555391689), (0.03761933114467213, 0.9427086541058087, 0.991800788935913, 0.9856546085741383, 0.9345261268563523), (0.02641895935416752, 0.9609487749399458, 0.9943929075180755, 0.9901938164043756, 0.9553450709375827)]
val_loss 6 : [(0.4580139534473419, 0.29780033840947545, 0.9320367149909149, 0.8760683152969952, 0.29198863762559113), (0.6347898162603378, 0.3594049197230815, 0.9315463073726626, 0.876310063850059, 0.3282844571861106), (0.7257872706651688, 0.36357132637001005, 0.9297669424619465, 0.8734944042320217, 0.32308861484779705), (0.8554777417182923, 0.34516058233960056, 0.9295046978491489, 0.8727122765603447, 0.3089448943752103), (0.913160964012146, 0.37606129633464486, 0.9283500455788515, 0.8714608722856615, 0.32669590486535227), (0.9837464048862458, 0.37522098861466663, 0.9301586548722935, 0.8743618549224271, 0.33301352944789897)]
Train_loss 7 : [(0.25785257711573595, 0.44637852143037887, 0.943905052325835, 0.8981317657358315, 0.43476314422520795), (0.1376311779460057, 0.7690198367868903, 0.9692924880933382, 0.9457916685696187, 0.7409921105175994), (0.08525214576865679, 0.8631392212412543, 0.9809169191737435, 0.9665042880181639, 0.8445157313312648), (0.055916349867245085, 0.9123825749227096, 0.9875446753457466, 0.978189797369715, 0.9000015555391689), (0.03761933114467213, 0.9427086541058087, 0.991800788935913, 0.9856546085741383, 0.9345261268563523), (0.02641895935416752, 0.9609487749399458, 0.9943929075180755, 0.9901938164043756, 0.9553450709375827), (0.019419907002292947, 0.9718712455064095, 0.9959580028457126, 0.9929316947977345, 0.9678309347372414)]
val_loss 7 : [(0.4580139534473419, 0.29780033840947545, 0.9320367149909149, 0.8760683152969952, 0.29198863762559113), (0.6347898162603378, 0.3594049197230815, 0.9315463073726626, 0.876310063850059, 0.3282844571861106), (0.7257872706651688, 0.36357132637001005, 0.9297669424619465, 0.8734944042320217, 0.32308861484779705), (0.8554777417182923, 0.34516058233960056, 0.9295046978491489, 0.8727122765603447, 0.3089448943752103), (0.913160964012146, 0.37606129633464486, 0.9283500455788515, 0.8714608722856615, 0.32669590486535227), (0.9837464048862458, 0.37522098861466663, 0.9301586548722935, 0.8743618549224271, 0.33301352944789897), (1.0482359511852264, 0.3605329492257832, 0.9299525864449301, 0.8737361527850855, 0.3217300547692026)]
Train_loss 8 : [(0.25785257711573595, 0.44637852143037887, 0.943905052325835, 0.8981317657358315, 0.43476314422520795), (0.1376311779460057, 0.7690198367868903, 0.9692924880933382, 0.9457916685696187, 0.7409921105175994), (0.08525214576865679, 0.8631392212412543, 0.9809169191737435, 0.9665042880181639, 0.8445157313312648), (0.055916349867245085, 0.9123825749227096, 0.9875446753457466, 0.978189797369715, 0.9000015555391689), (0.03761933114467213, 0.9427086541058087, 0.991800788935913, 0.9856546085741383, 0.9345261268563523), (0.02641895935416752, 0.9609487749399458, 0.9943929075180755, 0.9901938164043756, 0.9553450709375827), (0.019419907002292947, 0.9718712455064095, 0.9959580028457126, 0.9929316947977345, 0.9678309347372414), (0.015132298585197119, 0.9785452062516437, 0.9969143167865204, 0.9946046120439366, 0.9754599946678981)]
val_loss 8 : [(0.4580139534473419, 0.29780033840947545, 0.9320367149909149, 0.8760683152969952, 0.29198863762559113), (0.6347898162603378, 0.3594049197230815, 0.9315463073726626, 0.876310063850059, 0.3282844571861106), (0.7257872706651688, 0.36357132637001005, 0.9297669424619465, 0.8734944042320217, 0.32308861484779705), (0.8554777417182923, 0.34516058233960056, 0.9295046978491489, 0.8727122765603447, 0.3089448943752103), (0.913160964012146, 0.37606129633464486, 0.9283500455788515, 0.8714608722856615, 0.32669590486535227), (0.9837464048862458, 0.37522098861466663, 0.9301586548722935, 0.8743618549224271, 0.33301352944789897), (1.0482359511852264, 0.3605329492257832, 0.9299525864449301, 0.8737361527850855, 0.3217300547692026), (1.0597737731933594, 0.35833333333333334, 0.9295150013415192, 0.8729824661196514, 0.31829761447024346)]
Train_loss 9 : [(0.25785257711573595, 0.44637852143037887, 0.943905052325835, 0.8981317657358315, 0.43476314422520795), (0.1376311779460057, 0.7690198367868903, 0.9692924880933382, 0.9457916685696187, 0.7409921105175994), (0.08525214576865679, 0.8631392212412543, 0.9809169191737435, 0.9665042880181639, 0.8445157313312648), (0.055916349867245085, 0.9123825749227096, 0.9875446753457466, 0.978189797369715, 0.9000015555391689), (0.03761933114467213, 0.9427086541058087, 0.991800788935913, 0.9856546085741383, 0.9345261268563523), (0.02641895935416752, 0.9609487749399458, 0.9943929075180755, 0.9901938164043756, 0.9553450709375827), (0.019419907002292947, 0.9718712455064095, 0.9959580028457126, 0.9929316947977345, 0.9678309347372414), (0.015132298585197119, 0.9785452062516437, 0.9969143167865204, 0.9946046120439366, 0.9754599946678981), (0.012770392618962942, 0.9820209822049951, 0.9974149197899236, 0.995479772262611, 0.9794366765412739)]
val_loss 9 : [(0.4580139534473419, 0.29780033840947545, 0.9320367149909149, 0.8760683152969952, 0.29198863762559113), (0.6347898162603378, 0.3594049197230815, 0.9315463073726626, 0.876310063850059, 0.3282844571861106), (0.7257872706651688, 0.36357132637001005, 0.9297669424619465, 0.8734944042320217, 0.32308861484779705), (0.8554777417182923, 0.34516058233960056, 0.9295046978491489, 0.8727122765603447, 0.3089448943752103), (0.913160964012146, 0.37606129633464486, 0.9283500455788515, 0.8714608722856615, 0.32669590486535227), (0.9837464048862458, 0.37522098861466663, 0.9301586548722935, 0.8743618549224271, 0.33301352944789897), (1.0482359511852264, 0.3605329492257832, 0.9299525864449301, 0.8737361527850855, 0.3217300547692026), (1.0597737731933594, 0.35833333333333334, 0.9295150013415192, 0.8729824661196514, 0.31829761447024346), (1.082061680316925, 0.35491572017651735, 0.9296871919822739, 0.8731957736664723, 0.3166164680845193)]
Train_loss 10 : [(0.25785257711573595, 0.44637852143037887, 0.943905052325835, 0.8981317657358315, 0.43476314422520795), (0.1376311779460057, 0.7690198367868903, 0.9692924880933382, 0.9457916685696187, 0.7409921105175994), (0.08525214576865679, 0.8631392212412543, 0.9809169191737435, 0.9665042880181639, 0.8445157313312648), (0.055916349867245085, 0.9123825749227096, 0.9875446753457466, 0.978189797369715, 0.9000015555391689), (0.03761933114467213, 0.9427086541058087, 0.991800788935913, 0.9856546085741383, 0.9345261268563523), (0.02641895935416752, 0.9609487749399458, 0.9943929075180755, 0.9901938164043756, 0.9553450709375827), (0.019419907002292947, 0.9718712455064095, 0.9959580028457126, 0.9929316947977345, 0.9678309347372414), (0.015132298585197119, 0.9785452062516437, 0.9969143167865204, 0.9946046120439366, 0.9754599946678981), (0.012770392618962942, 0.9820209822049951, 0.9974149197899236, 0.995479772262611, 0.9794366765412739), (0.01237069909414132, 0.9826224291327019, 0.9975012258121525, 0.9956307233135446, 0.980124347176354)]
val_loss 10 : [(0.4580139534473419, 0.29780033840947545, 0.9320367149909149, 0.8760683152969952, 0.29198863762559113), (0.6347898162603378, 0.3594049197230815, 0.9315463073726626, 0.876310063850059, 0.3282844571861106), (0.7257872706651688, 0.36357132637001005, 0.9297669424619465, 0.8734944042320217, 0.32308861484779705), (0.8554777417182923, 0.34516058233960056, 0.9295046978491489, 0.8727122765603447, 0.3089448943752103), (0.913160964012146, 0.37606129633464486, 0.9283500455788515, 0.8714608722856615, 0.32669590486535227), (0.9837464048862458, 0.37522098861466663, 0.9301586548722935, 0.8743618549224271, 0.33301352944789897), (1.0482359511852264, 0.3605329492257832, 0.9299525864449301, 0.8737361527850855, 0.3217300547692026), (1.0597737731933594, 0.35833333333333334, 0.9295150013415192, 0.8729824661196514, 0.31829761447024346), (1.082061680316925, 0.35491572017651735, 0.9296871919822739, 0.8731957736664723, 0.3166164680845193), (1.0853618466854096, 0.35491572017651735, 0.9296871919822739, 0.8731957736664723, 0.3166164680845193)]
