With 2 synonyms and 2 sentences new created for each
Train_loss 1 : [(0.30570135504484, 0.21621739719383187, 0.9349475996897, 0.879866076571303, 0.2405450922127301)]
val_loss 1 : [(0.3142368052005768, 0.2792963911140474, 0.9321030396863063, 0.8758976692595384, 0.2814235775595017)]
Train_loss 2 : [(0.30570135504484, 0.21621739719383187, 0.9349475996897, 0.879866076571303, 0.2405450922127301), (0.22569522981709955, 0.55876953125, 0.9494039531404442, 0.9092179182528605, 0.5268460558793198)]
val_loss 2 : [(0.3142368052005768, 0.2792963911140474, 0.9321030396863063, 0.8758976692595384, 0.2814235775595017), (0.3852432572841644, 0.3540788134360913, 0.9299854990227603, 0.8736650502694785, 0.31734660563196504)]
Train_loss 3 : [(0.30570135504484, 0.21621739719383187, 0.9349475996897, 0.879866076571303, 0.2405450922127301), (0.22569522981709955, 0.55876953125, 0.9494039531404442, 0.9092179182528605, 0.5268460558793198), (0.1644940828735694, 0.71370142550569, 0.9630234351160337, 0.9345057102978249, 0.6812551002576461)]
val_loss 3 : [(0.3142368052005768, 0.2792963911140474, 0.9321030396863063, 0.8758976692595384, 0.2814235775595017), (0.3852432572841644, 0.3540788134360913, 0.9299854990227603, 0.8736650502694785, 0.31734660563196504), (0.52990469789505, 0.3372190476190477, 0.9317816448003012, 0.8762958433469377, 0.3149751768340832)]
Train_loss 4 : [(0.30570135504484, 0.21621739719383187, 0.9349475996897, 0.879866076571303, 0.2405450922127301), (0.22569522981709955, 0.55876953125, 0.9494039531404442, 0.9092179182528605, 0.5268460558793198), (0.1644940828735694, 0.71370142550569, 0.9630234351160337, 0.9345057102978249, 0.6812551002576461), (0.12704592027048164, 0.7882572023222697, 0.9713374088883802, 0.9495094742989715, 0.761060234270728)]
val_loss 4 : [(0.3142368052005768, 0.2792963911140474, 0.9321030396863063, 0.8758976692595384, 0.2814235775595017), (0.3852432572841644, 0.3540788134360913, 0.9299854990227603, 0.8736650502694785, 0.31734660563196504), (0.52990469789505, 0.3372190476190477, 0.9317816448003012, 0.8762958433469377, 0.3149751768340832), (0.5866565897464752, 0.36437709956400544, 0.9297834205809666, 0.8735370657413859, 0.32373106008712976)]
Train_loss 5 : [(0.30570135504484, 0.21621739719383187, 0.9349475996897, 0.879866076571303, 0.2405450922127301), (0.22569522981709955, 0.55876953125, 0.9494039531404442, 0.9092179182528605, 0.5268460558793198), (0.1644940828735694, 0.71370142550569, 0.9630234351160337, 0.9345057102978249, 0.6812551002576461), (0.12704592027048164, 0.7882572023222697, 0.9713374088883802, 0.9495094742989715, 0.761060234270728), (0.10130218130175339, 0.8339483191611226, 0.977010574022734, 0.9596126695474894, 0.8115343168694776)]
val_loss 5 : [(0.3142368052005768, 0.2792963911140474, 0.9321030396863063, 0.8758976692595384, 0.2814235775595017), (0.3852432572841644, 0.3540788134360913, 0.9299854990227603, 0.8736650502694785, 0.31734660563196504), (0.52990469789505, 0.3372190476190477, 0.9317816448003012, 0.8762958433469377, 0.3149751768340832), (0.5866565897464752, 0.36437709956400544, 0.9297834205809666, 0.8735370657413859, 0.32373106008712976), (0.6680939408540726, 0.35769004124926335, 0.9313742464545984, 0.8759972127813882, 0.3262976269642181)]
Train_loss 6 : [(0.30570135504484, 0.21621739719383187, 0.9349475996897, 0.879866076571303, 0.2405450922127301), (0.22569522981709955, 0.55876953125, 0.9494039531404442, 0.9092179182528605, 0.5268460558793198), (0.1644940828735694, 0.71370142550569, 0.9630234351160337, 0.9345057102978249, 0.6812551002576461), (0.12704592027048164, 0.7882572023222697, 0.9713374088883802, 0.9495094742989715, 0.761060234270728), (0.10130218130175339, 0.8339483191611226, 0.977010574022734, 0.9596126695474894, 0.8115343168694776), (0.08233160487541423, 0.8679062607934165, 0.9814507102012883, 0.9674695196277255, 0.8495753871299485)]
val_loss 6 : [(0.3142368052005768, 0.2792963911140474, 0.9321030396863063, 0.8758976692595384, 0.2814235775595017), (0.3852432572841644, 0.3540788134360913, 0.9299854990227603, 0.8736650502694785, 0.31734660563196504), (0.52990469789505, 0.3372190476190477, 0.9317816448003012, 0.8762958433469377, 0.3149751768340832), (0.5866565897464752, 0.36437709956400544, 0.9297834205809666, 0.8735370657413859, 0.32373106008712976), (0.6680939408540726, 0.35769004124926335, 0.9313742464545984, 0.8759972127813882, 0.3262976269642181), (0.7265387146472931, 0.3606846396826562, 0.9314880853978226, 0.876238961334452, 0.32885822415321614)]
Train_loss 7 : [(0.30570135504484, 0.21621739719383187, 0.9349475996897, 0.879866076571303, 0.2405450922127301), (0.22569522981709955, 0.55876953125, 0.9494039531404442, 0.9092179182528605, 0.5268460558793198), (0.1644940828735694, 0.71370142550569, 0.9630234351160337, 0.9345057102978249, 0.6812551002576461), (0.12704592027048164, 0.7882572023222697, 0.9713374088883802, 0.9495094742989715, 0.761060234270728), (0.10130218130175339, 0.8339483191611226, 0.977010574022734, 0.9596126695474894, 0.8115343168694776), (0.08233160487541423, 0.8679062607934165, 0.9814507102012883, 0.9674695196277255, 0.8495753871299485), (0.06728881029362499, 0.8929220775717424, 0.9848234474563389, 0.9734149000865319, 0.8778202593086828)]
val_loss 7 : [(0.3142368052005768, 0.2792963911140474, 0.9321030396863063, 0.8758976692595384, 0.2814235775595017), (0.3852432572841644, 0.3540788134360913, 0.9299854990227603, 0.8736650502694785, 0.31734660563196504), (0.52990469789505, 0.3372190476190477, 0.9317816448003012, 0.8762958433469377, 0.3149751768340832), (0.5866565897464752, 0.36437709956400544, 0.9297834205809666, 0.8735370657413859, 0.32373106008712976), (0.6680939408540726, 0.35769004124926335, 0.9313742464545984, 0.8759972127813882, 0.3262976269642181), (0.7265387146472931, 0.3606846396826562, 0.9314880853978226, 0.876238961334452, 0.32885822415321614), (0.7158814071416855, 0.39665455542606426, 0.9301812700805203, 0.8748453520285547, 0.3486336299571777)]
Train_loss 8 : [(0.30570135504484, 0.21621739719383187, 0.9349475996897, 0.879866076571303, 0.2405450922127301), (0.22569522981709955, 0.55876953125, 0.9494039531404442, 0.9092179182528605, 0.5268460558793198), (0.1644940828735694, 0.71370142550569, 0.9630234351160337, 0.9345057102978249, 0.6812551002576461), (0.12704592027048164, 0.7882572023222697, 0.9713374088883802, 0.9495094742989715, 0.761060234270728), (0.10130218130175339, 0.8339483191611226, 0.977010574022734, 0.9596126695474894, 0.8115343168694776), (0.08233160487541423, 0.8679062607934165, 0.9814507102012883, 0.9674695196277255, 0.8495753871299485), (0.06728881029362499, 0.8929220775717424, 0.9848234474563389, 0.9734149000865319, 0.8778202593086828), (0.05496863259097614, 0.9129244205576083, 0.9876043348677288, 0.9782980553107243, 0.9005616429958894)]
val_loss 8 : [(0.3142368052005768, 0.2792963911140474, 0.9321030396863063, 0.8758976692595384, 0.2814235775595017), (0.3852432572841644, 0.3540788134360913, 0.9299854990227603, 0.8736650502694785, 0.31734660563196504), (0.52990469789505, 0.3372190476190477, 0.9317816448003012, 0.8762958433469377, 0.3149751768340832), (0.5866565897464752, 0.36437709956400544, 0.9297834205809666, 0.8735370657413859, 0.32373106008712976), (0.6680939408540726, 0.35769004124926335, 0.9313742464545984, 0.8759972127813882, 0.3262976269642181), (0.7265387146472931, 0.3606846396826562, 0.9314880853978226, 0.876238961334452, 0.32885822415321614), (0.7158814071416855, 0.39665455542606426, 0.9301812700805203, 0.8748453520285547, 0.3486336299571777), (0.8353734058141709, 0.3562105880627658, 0.9308683191080596, 0.8751439825941042, 0.32287352537569997)]
Train_loss 9 : [(0.30570135504484, 0.21621739719383187, 0.9349475996897, 0.879866076571303, 0.2405450922127301), (0.22569522981709955, 0.55876953125, 0.9494039531404442, 0.9092179182528605, 0.5268460558793198), (0.1644940828735694, 0.71370142550569, 0.9630234351160337, 0.9345057102978249, 0.6812551002576461), (0.12704592027048164, 0.7882572023222697, 0.9713374088883802, 0.9495094742989715, 0.761060234270728), (0.10130218130175339, 0.8339483191611226, 0.977010574022734, 0.9596126695474894, 0.8115343168694776), (0.08233160487541423, 0.8679062607934165, 0.9814507102012883, 0.9674695196277255, 0.8495753871299485), (0.06728881029362499, 0.8929220775717424, 0.9848234474563389, 0.9734149000865319, 0.8778202593086828), (0.05496863259097614, 0.9129244205576083, 0.9876043348677288, 0.9782980553107243, 0.9005616429958894), (0.04497170452665472, 0.9296016069635087, 0.9899399458590352, 0.9823955925020026, 0.9195514445194947)]
val_loss 9 : [(0.3142368052005768, 0.2792963911140474, 0.9321030396863063, 0.8758976692595384, 0.2814235775595017), (0.3852432572841644, 0.3540788134360913, 0.9299854990227603, 0.8736650502694785, 0.31734660563196504), (0.52990469789505, 0.3372190476190477, 0.9317816448003012, 0.8762958433469377, 0.3149751768340832), (0.5866565897464752, 0.36437709956400544, 0.9297834205809666, 0.8735370657413859, 0.32373106008712976), (0.6680939408540726, 0.35769004124926335, 0.9313742464545984, 0.8759972127813882, 0.3262976269642181), (0.7265387146472931, 0.3606846396826562, 0.9314880853978226, 0.876238961334452, 0.32885822415321614), (0.7158814071416855, 0.39665455542606426, 0.9301812700805203, 0.8748453520285547, 0.3486336299571777), (0.8353734058141709, 0.3562105880627658, 0.9308683191080596, 0.8751439825941042, 0.32287352537569997), (0.8764177551269531, 0.35691458454386993, 0.930214228289484, 0.8740916653631206, 0.32034862143257303)]
Train_loss 10 : [(0.30570135504484, 0.21621739719383187, 0.9349475996897, 0.879866076571303, 0.2405450922127301), (0.22569522981709955, 0.55876953125, 0.9494039531404442, 0.9092179182528605, 0.5268460558793198), (0.1644940828735694, 0.71370142550569, 0.9630234351160337, 0.9345057102978249, 0.6812551002576461), (0.12704592027048164, 0.7882572023222697, 0.9713374088883802, 0.9495094742989715, 0.761060234270728), (0.10130218130175339, 0.8339483191611226, 0.977010574022734, 0.9596126695474894, 0.8115343168694776), (0.08233160487541423, 0.8679062607934165, 0.9814507102012883, 0.9674695196277255, 0.8495753871299485), (0.06728881029362499, 0.8929220775717424, 0.9848234474563389, 0.9734149000865319, 0.8778202593086828), (0.05496863259097614, 0.9129244205576083, 0.9876043348677288, 0.9782980553107243, 0.9005616429958894), (0.04497170452665472, 0.9296016069635087, 0.9899399458590352, 0.9823955925020026, 0.9195514445194947), (0.03721813064406187, 0.9425625053514856, 0.9917832108942696, 0.9856231230225599, 0.9343515644124208)]
val_loss 10 : [(0.3142368052005768, 0.2792963911140474, 0.9321030396863063, 0.8758976692595384, 0.2814235775595017), (0.3852432572841644, 0.3540788134360913, 0.9299854990227603, 0.8736650502694785, 0.31734660563196504), (0.52990469789505, 0.3372190476190477, 0.9317816448003012, 0.8762958433469377, 0.3149751768340832), (0.5866565897464752, 0.36437709956400544, 0.9297834205809666, 0.8735370657413859, 0.32373106008712976), (0.6680939408540726, 0.35769004124926335, 0.9313742464545984, 0.8759972127813882, 0.3262976269642181), (0.7265387146472931, 0.3606846396826562, 0.9314880853978226, 0.876238961334452, 0.32885822415321614), (0.7158814071416855, 0.39665455542606426, 0.9301812700805203, 0.8748453520285547, 0.3486336299571777), (0.8353734058141709, 0.3562105880627658, 0.9308683191080596, 0.8751439825941042, 0.32287352537569997), (0.8764177551269531, 0.35691458454386993, 0.930214228289484, 0.8740916653631206, 0.32034862143257303), (0.948239264011383, 0.3451890677648821, 0.9312969902660916, 0.8756417002033532, 0.31758629363133917)]
Train_loss 11 : [(0.30570135504484, 0.21621739719383187, 0.9349475996897, 0.879866076571303, 0.2405450922127301), (0.22569522981709955, 0.55876953125, 0.9494039531404442, 0.9092179182528605, 0.5268460558793198), (0.1644940828735694, 0.71370142550569, 0.9630234351160337, 0.9345057102978249, 0.6812551002576461), (0.12704592027048164, 0.7882572023222697, 0.9713374088883802, 0.9495094742989715, 0.761060234270728), (0.10130218130175339, 0.8339483191611226, 0.977010574022734, 0.9596126695474894, 0.8115343168694776), (0.08233160487541423, 0.8679062607934165, 0.9814507102012883, 0.9674695196277255, 0.8495753871299485), (0.06728881029362499, 0.8929220775717424, 0.9848234474563389, 0.9734149000865319, 0.8778202593086828), (0.05496863259097614, 0.9129244205576083, 0.9876043348677288, 0.9782980553107243, 0.9005616429958894), (0.04497170452665472, 0.9296016069635087, 0.9899399458590352, 0.9823955925020026, 0.9195514445194947), (0.03721813064406187, 0.9425625053514856, 0.9917832108942696, 0.9856231230225599, 0.9343515644124208), (0.031005724326488245, 0.9523977527249012, 0.9931815797755167, 0.98807173302114, 0.9455817407716577)]
val_loss 11 : [(0.3142368052005768, 0.2792963911140474, 0.9321030396863063, 0.8758976692595384, 0.2814235775595017), (0.3852432572841644, 0.3540788134360913, 0.9299854990227603, 0.8736650502694785, 0.31734660563196504), (0.52990469789505, 0.3372190476190477, 0.9317816448003012, 0.8762958433469377, 0.3149751768340832), (0.5866565897464752, 0.36437709956400544, 0.9297834205809666, 0.8735370657413859, 0.32373106008712976), (0.6680939408540726, 0.35769004124926335, 0.9313742464545984, 0.8759972127813882, 0.3262976269642181), (0.7265387146472931, 0.3606846396826562, 0.9314880853978226, 0.876238961334452, 0.32885822415321614), (0.7158814071416855, 0.39665455542606426, 0.9301812700805203, 0.8748453520285547, 0.3486336299571777), (0.8353734058141709, 0.3562105880627658, 0.9308683191080596, 0.8751439825941042, 0.32287352537569997), (0.8764177551269531, 0.35691458454386993, 0.930214228289484, 0.8740916653631206, 0.32034862143257303), (0.948239264011383, 0.3451890677648821, 0.9312969902660916, 0.8756417002033532, 0.31758629363133917), (1.0030939769744873, 0.3358685731670216, 0.9315105024550174, 0.8758265667439314, 0.31261335624760744)]
