Train_loss 1 : [(0.30186314803675124, 0.2615500336504836, 0.9345597811447877, 0.8797738091572056, 0.2651824495268958)]
val_loss 1 : [(0.36236758852005, 0.19965325303403597, 0.9323658459474256, 0.8752719671221968, 0.239580020040288)]
Train_loss 2 : [(0.30186314803675124, 0.2615500336504836, 0.9345597811447877, 0.8797738091572056, 0.2651824495268958), (0.21957505939234692, 0.582702842835604, 0.9510571595917309, 0.9123897208637133, 0.5492335688726299)]
val_loss 2 : [(0.36236758852005, 0.19965325303403597, 0.9323658459474256, 0.8752719671221968, 0.239580020040288), (0.4146628511548042, 0.2952108063855915, 0.9329658093703038, 0.8775756886278636, 0.29710170815769477)]
Train_loss 3 : [(0.30186314803675124, 0.2615500336504836, 0.9345597811447877, 0.8797738091572056, 0.2651824495268958), (0.21957505939234692, 0.582702842835604, 0.9510571595917309, 0.9123897208637133, 0.5492335688726299), (0.16070287873555664, 0.7260718851487996, 0.9645590209155037, 0.9372382000697537, 0.6951744789457047)]
val_loss 3 : [(0.36236758852005, 0.19965325303403597, 0.9323658459474256, 0.8752719671221968, 0.239580020040288), (0.4146628511548042, 0.2952108063855915, 0.9329658093703038, 0.8775756886278636, 0.29710170815769477), (0.5265298784971237, 0.3250078051826413, 0.9323476492216225, 0.8770210890061291, 0.31059104690040285)]
Train_loss 4 : [(0.30186314803675124, 0.2615500336504836, 0.9345597811447877, 0.8797738091572056, 0.2651824495268958), (0.21957505939234692, 0.582702842835604, 0.9510571595917309, 0.9123897208637133, 0.5492335688726299), (0.16070287873555664, 0.7260718851487996, 0.9645590209155037, 0.9372382000697537, 0.6951744789457047), (0.12241293019093771, 0.799406326297758, 0.9729199188625804, 0.9522817817685196, 0.7740163537097449)]
val_loss 4 : [(0.36236758852005, 0.19965325303403597, 0.9323658459474256, 0.8752719671221968, 0.239580020040288), (0.4146628511548042, 0.2952108063855915, 0.9329658093703038, 0.8775756886278636, 0.29710170815769477), (0.5265298784971237, 0.3250078051826413, 0.9323476492216225, 0.8770210890061291, 0.31059104690040285), (0.5541496854424477, 0.3845727738540369, 0.9295721077654517, 0.873608168256993, 0.3374939146539046)]
Train_loss 5 : [(0.30186314803675124, 0.2615500336504836, 0.9345597811447877, 0.8797738091572056, 0.2651824495268958), (0.21957505939234692, 0.582702842835604, 0.9510571595917309, 0.9123897208637133, 0.5492335688726299), (0.16070287873555664, 0.7260718851487996, 0.9645590209155037, 0.9372382000697537, 0.6951744789457047), (0.12241293019093771, 0.799406326297758, 0.9729199188625804, 0.9522817817685196, 0.7740163537097449), (0.09792534601984593, 0.8419569096947277, 0.978205012235997, 0.9616927932463585, 0.8209190438044313)]
val_loss 5 : [(0.36236758852005, 0.19965325303403597, 0.9323658459474256, 0.8752719671221968, 0.239580020040288), (0.4146628511548042, 0.2952108063855915, 0.9329658093703038, 0.8775756886278636, 0.29710170815769477), (0.5265298784971237, 0.3250078051826413, 0.9323476492216225, 0.8770210890061291, 0.31059104690040285), (0.5541496854424477, 0.3845727738540369, 0.9295721077654517, 0.873608168256993, 0.3374939146539046), (0.6254125117063523, 0.37849370599530613, 0.9309612027081473, 0.8757270232220816, 0.33867498018607184)]
Train_loss 6 : [(0.30186314803675124, 0.2615500336504836, 0.9345597811447877, 0.8797738091572056, 0.2651824495268958), (0.21957505939234692, 0.582702842835604, 0.9510571595917309, 0.9123897208637133, 0.5492335688726299), (0.16070287873555664, 0.7260718851487996, 0.9645590209155037, 0.9372382000697537, 0.6951744789457047), (0.12241293019093771, 0.799406326297758, 0.9729199188625804, 0.9522817817685196, 0.7740163537097449), (0.09792534601984593, 0.8419569096947277, 0.978205012235997, 0.9616927932463585, 0.8209190438044313), (0.0788113628709171, 0.8738781349449651, 0.9823694297879011, 0.9690634750917217, 0.8565966383231011)]
val_loss 6 : [(0.36236758852005, 0.19965325303403597, 0.9323658459474256, 0.8752719671221968, 0.239580020040288), (0.4146628511548042, 0.2952108063855915, 0.9329658093703038, 0.8775756886278636, 0.29710170815769477), (0.5265298784971237, 0.3250078051826413, 0.9323476492216225, 0.8770210890061291, 0.31059104690040285), (0.5541496854424477, 0.3845727738540369, 0.9295721077654517, 0.873608168256993, 0.3374939146539046), (0.6254125117063523, 0.37849370599530613, 0.9309612027081473, 0.8757270232220816, 0.33867498018607184), (0.7241875883340836, 0.35037921453780885, 0.9320557628117023, 0.8769784274967648, 0.32494383063665994)]
Train_loss 7 : [(0.30186314803675124, 0.2615500336504836, 0.9345597811447877, 0.8797738091572056, 0.2651824495268958), (0.21957505939234692, 0.582702842835604, 0.9510571595917309, 0.9123897208637133, 0.5492335688726299), (0.16070287873555664, 0.7260718851487996, 0.9645590209155037, 0.9372382000697537, 0.6951744789457047), (0.12241293019093771, 0.799406326297758, 0.9729199188625804, 0.9522817817685196, 0.7740163537097449), (0.09792534601984593, 0.8419569096947277, 0.978205012235997, 0.9616927932463585, 0.8209190438044313), (0.0788113628709171, 0.8738781349449651, 0.9823694297879011, 0.9690634750917217, 0.8565966383231011), (0.06316519014094726, 0.8995994868334554, 0.9858342332756799, 0.97517157317364, 0.885591342589789)]
val_loss 7 : [(0.36236758852005, 0.19965325303403597, 0.9323658459474256, 0.8752719671221968, 0.239580020040288), (0.4146628511548042, 0.2952108063855915, 0.9329658093703038, 0.8775756886278636, 0.29710170815769477), (0.5265298784971237, 0.3250078051826413, 0.9323476492216225, 0.8770210890061291, 0.31059104690040285), (0.5541496854424477, 0.3845727738540369, 0.9295721077654517, 0.873608168256993, 0.3374939146539046), (0.6254125117063523, 0.37849370599530613, 0.9309612027081473, 0.8757270232220816, 0.33867498018607184), (0.7241875883340836, 0.35037921453780885, 0.9320557628117023, 0.8769784274967648, 0.32494383063665994), (0.7973662937879562, 0.3753669889008235, 0.9311398280666577, 0.875954551272024, 0.3372676134943797)]
Train_loss 8 : [(0.30186314803675124, 0.2615500336504836, 0.9345597811447877, 0.8797738091572056, 0.2651824495268958), (0.21957505939234692, 0.582702842835604, 0.9510571595917309, 0.9123897208637133, 0.5492335688726299), (0.16070287873555664, 0.7260718851487996, 0.9645590209155037, 0.9372382000697537, 0.6951744789457047), (0.12241293019093771, 0.799406326297758, 0.9729199188625804, 0.9522817817685196, 0.7740163537097449), (0.09792534601984593, 0.8419569096947277, 0.978205012235997, 0.9616927932463585, 0.8209190438044313), (0.0788113628709171, 0.8738781349449651, 0.9823694297879011, 0.9690634750917217, 0.8565966383231011), (0.06316519014094726, 0.8995994868334554, 0.9858342332756799, 0.97517157317364, 0.885591342589789), (0.05119086278925926, 0.9200131456806637, 0.9886556731447, 0.9801295240496067, 0.9087515834130034)]
val_loss 8 : [(0.36236758852005, 0.19965325303403597, 0.9323658459474256, 0.8752719671221968, 0.239580020040288), (0.4146628511548042, 0.2952108063855915, 0.9329658093703038, 0.8775756886278636, 0.29710170815769477), (0.5265298784971237, 0.3250078051826413, 0.9323476492216225, 0.8770210890061291, 0.31059104690040285), (0.5541496854424477, 0.3845727738540369, 0.9295721077654517, 0.873608168256993, 0.3374939146539046), (0.6254125117063523, 0.37849370599530613, 0.9309612027081473, 0.8757270232220816, 0.33867498018607184), (0.7241875883340836, 0.35037921453780885, 0.9320557628117023, 0.8769784274967648, 0.32494383063665994), (0.7973662937879562, 0.3753669889008235, 0.9311398280666577, 0.875954551272024, 0.3372676134943797), (0.8605518705844879, 0.35878483258186117, 0.9317536365281285, 0.8766371354218512, 0.3288943931752005)]
Train_loss 9 : [(0.30186314803675124, 0.2615500336504836, 0.9345597811447877, 0.8797738091572056, 0.2651824495268958), (0.21957505939234692, 0.582702842835604, 0.9510571595917309, 0.9123897208637133, 0.5492335688726299), (0.16070287873555664, 0.7260718851487996, 0.9645590209155037, 0.9372382000697537, 0.6951744789457047), (0.12241293019093771, 0.799406326297758, 0.9729199188625804, 0.9522817817685196, 0.7740163537097449), (0.09792534601984593, 0.8419569096947277, 0.978205012235997, 0.9616927932463585, 0.8209190438044313), (0.0788113628709171, 0.8738781349449651, 0.9823694297879011, 0.9690634750917217, 0.8565966383231011), (0.06316519014094726, 0.8995994868334554, 0.9858342332756799, 0.97517157317364, 0.885591342589789), (0.05119086278925926, 0.9200131456806637, 0.9886556731447, 0.9801295240496067, 0.9087515834130034), (0.0413221878755727, 0.936250768426435, 0.9909219282557437, 0.9841070567904877, 0.9272131968318944)]
val_loss 9 : [(0.36236758852005, 0.19965325303403597, 0.9323658459474256, 0.8752719671221968, 0.239580020040288), (0.4146628511548042, 0.2952108063855915, 0.9329658093703038, 0.8775756886278636, 0.29710170815769477), (0.5265298784971237, 0.3250078051826413, 0.9323476492216225, 0.8770210890061291, 0.31059104690040285), (0.5541496854424477, 0.3845727738540369, 0.9295721077654517, 0.873608168256993, 0.3374939146539046), (0.6254125117063523, 0.37849370599530613, 0.9309612027081473, 0.8757270232220816, 0.33867498018607184), (0.7241875883340836, 0.35037921453780885, 0.9320557628117023, 0.8769784274967648, 0.32494383063665994), (0.7973662937879562, 0.3753669889008235, 0.9311398280666577, 0.875954551272024, 0.3372676134943797), (0.8605518705844879, 0.35878483258186117, 0.9317536365281285, 0.8766371354218512, 0.3288943931752005), (0.8877145833969117, 0.3712626995645864, 0.9317053175891914, 0.8767935609561867, 0.3370126981431409)]
Train_loss 10 : [(0.30186314803675124, 0.2615500336504836, 0.9345597811447877, 0.8797738091572056, 0.2651824495268958), (0.21957505939234692, 0.582702842835604, 0.9510571595917309, 0.9123897208637133, 0.5492335688726299), (0.16070287873555664, 0.7260718851487996, 0.9645590209155037, 0.9372382000697537, 0.6951744789457047), (0.12241293019093771, 0.799406326297758, 0.9729199188625804, 0.9522817817685196, 0.7740163537097449), (0.09792534601984593, 0.8419569096947277, 0.978205012235997, 0.9616927932463585, 0.8209190438044313), (0.0788113628709171, 0.8738781349449651, 0.9823694297879011, 0.9690634750917217, 0.8565966383231011), (0.06316519014094726, 0.8995994868334554, 0.9858342332756799, 0.97517157317364, 0.885591342589789), (0.05119086278925926, 0.9200131456806637, 0.9886556731447, 0.9801295240496067, 0.9087515834130034), (0.0413221878755727, 0.936250768426435, 0.9909219282557437, 0.9841070567904877, 0.9272131968318944), (0.03282821915514614, 0.9493748836409985, 0.9927666744013119, 0.9873419353267786, 0.9421581881985379)]
val_loss 10 : [(0.36236758852005, 0.19965325303403597, 0.9323658459474256, 0.8752719671221968, 0.239580020040288), (0.4146628511548042, 0.2952108063855915, 0.9329658093703038, 0.8775756886278636, 0.29710170815769477), (0.5265298784971237, 0.3250078051826413, 0.9323476492216225, 0.8770210890061291, 0.31059104690040285), (0.5541496854424477, 0.3845727738540369, 0.9295721077654517, 0.873608168256993, 0.3374939146539046), (0.6254125117063523, 0.37849370599530613, 0.9309612027081473, 0.8757270232220816, 0.33867498018607184), (0.7241875883340836, 0.35037921453780885, 0.9320557628117023, 0.8769784274967648, 0.32494383063665994), (0.7973662937879562, 0.3753669889008235, 0.9311398280666577, 0.875954551272024, 0.3372676134943797), (0.8605518705844879, 0.35878483258186117, 0.9317536365281285, 0.8766371354218512, 0.3288943931752005), (0.8877145833969117, 0.3712626995645864, 0.9317053175891914, 0.8767935609561867, 0.3370126981431409), (0.9630370870828628, 0.35547103569338795, 0.9305977790029141, 0.8746889264942194, 0.3211012915451525)]
