Train_loss 1 : [(0.32924279747488294, 0.05116093611017391, 0.9322960894343818, 0.8736106259409747, 0.09409711042579533)]
val_loss 1 : [(0.3108328264951706, 0.06054970035131226, 0.9305763415900553, 0.8707071856202272, 0.1333035453297504)]
Train_loss 2 : [(0.32924279747488294, 0.05116093611017391, 0.9322960894343818, 0.8736106259409747, 0.09409711042579533), (0.2909299841142136, 0.2775404466254001, 0.9354579208609319, 0.8815020458858593, 0.28509043031548764)]
val_loss 2 : [(0.3108328264951706, 0.06054970035131226, 0.9305763415900553, 0.8707071856202272, 0.1333035453297504), (0.3340619362592697, 0.13854421104054715, 0.9323885987715383, 0.8746178239786123, 0.21077633428054873)]
Train_loss 3 : [(0.32924279747488294, 0.05116093611017391, 0.9322960894343818, 0.8736106259409747, 0.09409711042579533), (0.2909299841142136, 0.2775404466254001, 0.9354579208609319, 0.8815020458858593, 0.28509043031548764), (0.2579179337103617, 0.4433564472818644, 0.9417618460378943, 0.8945556760820316, 0.4215393618026313)]
val_loss 3 : [(0.3108328264951706, 0.06054970035131226, 0.9305763415900553, 0.8707071856202272, 0.1333035453297504), (0.3340619362592697, 0.13854421104054715, 0.9323885987715383, 0.8746178239786123, 0.21077633428054873), (0.33412609601020815, 0.2941225234187184, 0.9337761220728112, 0.8789124159212753, 0.3028185188641661)]
Train_loss 4 : [(0.32924279747488294, 0.05116093611017391, 0.9322960894343818, 0.8736106259409747, 0.09409711042579533), (0.2909299841142136, 0.2775404466254001, 0.9354579208609319, 0.8815020458858593, 0.28509043031548764), (0.2579179337103617, 0.4433564472818644, 0.9417618460378943, 0.8945556760820316, 0.4215393618026313), (0.22638279447952905, 0.554267920140326, 0.9484570855554035, 0.907599092170069, 0.5212964901337642)]
val_loss 4 : [(0.3108328264951706, 0.06054970035131226, 0.9305763415900553, 0.8707071856202272, 0.1333035453297504), (0.3340619362592697, 0.13854421104054715, 0.9323885987715383, 0.8746178239786123, 0.21077633428054873), (0.33412609601020815, 0.2941225234187184, 0.9337761220728112, 0.8789124159212753, 0.3028185188641661), (0.3573917167186737, 0.3480495917750227, 0.9323151302054719, 0.8773623810810427, 0.32484583737177847)]
Train_loss 5 : [(0.32924279747488294, 0.05116093611017391, 0.9322960894343818, 0.8736106259409747, 0.09409711042579533), (0.2909299841142136, 0.2775404466254001, 0.9354579208609319, 0.8815020458858593, 0.28509043031548764), (0.2579179337103617, 0.4433564472818644, 0.9417618460378943, 0.8945556760820316, 0.4215393618026313), (0.22638279447952905, 0.554267920140326, 0.9484570855554035, 0.907599092170069, 0.5212964901337642), (0.1974543813599027, 0.6399138563219992, 0.9554797311178214, 0.9207569062692152, 0.6050514107377863)]
val_loss 5 : [(0.3108328264951706, 0.06054970035131226, 0.9305763415900553, 0.8707071856202272, 0.1333035453297504), (0.3340619362592697, 0.13854421104054715, 0.9323885987715383, 0.8746178239786123, 0.21077633428054873), (0.33412609601020815, 0.2941225234187184, 0.9337761220728112, 0.8789124159212753, 0.3028185188641661), (0.3573917167186737, 0.3480495917750227, 0.9323151302054719, 0.8773623810810427, 0.32484583737177847), (0.4011894814372063, 0.34561684596017395, 0.9327478731328654, 0.8780307447277484, 0.32573740958512276)]
Train_loss 6 : [(0.32924279747488294, 0.05116093611017391, 0.9322960894343818, 0.8736106259409747, 0.09409711042579533), (0.2909299841142136, 0.2775404466254001, 0.9354579208609319, 0.8815020458858593, 0.28509043031548764), (0.2579179337103617, 0.4433564472818644, 0.9417618460378943, 0.8945556760820316, 0.4215393618026313), (0.22638279447952905, 0.554267920140326, 0.9484570855554035, 0.907599092170069, 0.5212964901337642), (0.1974543813599027, 0.6399138563219992, 0.9554797311178214, 0.9207569062692152, 0.6050514107377863), (0.17393558938481493, 0.6974490344308695, 0.9610580658847075, 0.9309975710850855, 0.6640697003149186)]
val_loss 6 : [(0.3108328264951706, 0.06054970035131226, 0.9305763415900553, 0.8707071856202272, 0.1333035453297504), (0.3340619362592697, 0.13854421104054715, 0.9323885987715383, 0.8746178239786123, 0.21077633428054873), (0.33412609601020815, 0.2941225234187184, 0.9337761220728112, 0.8789124159212753, 0.3028185188641661), (0.3573917167186737, 0.3480495917750227, 0.9323151302054719, 0.8773623810810427, 0.32484583737177847), (0.4011894814372063, 0.34561684596017395, 0.9327478731328654, 0.8780307447277484, 0.32573740958512276), (0.4247761286497116, 0.3331516237053189, 0.9329973943865855, 0.8782298317714481, 0.31957760235421784)]
Train_loss 7 : [(0.32924279747488294, 0.05116093611017391, 0.9322960894343818, 0.8736106259409747, 0.09409711042579533), (0.2909299841142136, 0.2775404466254001, 0.9354579208609319, 0.8815020458858593, 0.28509043031548764), (0.2579179337103617, 0.4433564472818644, 0.9417618460378943, 0.8945556760820316, 0.4215393618026313), (0.22638279447952905, 0.554267920140326, 0.9484570855554035, 0.907599092170069, 0.5212964901337642), (0.1974543813599027, 0.6399138563219992, 0.9554797311178214, 0.9207569062692152, 0.6050514107377863), (0.17393558938481493, 0.6974490344308695, 0.9610580658847075, 0.9309975710850855, 0.6640697003149186), (0.1556861749148532, 0.7356333901788447, 0.9650407716958505, 0.9382475450391098, 0.7040498274636009)]
val_loss 7 : [(0.3108328264951706, 0.06054970035131226, 0.9305763415900553, 0.8707071856202272, 0.1333035453297504), (0.3340619362592697, 0.13854421104054715, 0.9323885987715383, 0.8746178239786123, 0.21077633428054873), (0.33412609601020815, 0.2941225234187184, 0.9337761220728112, 0.8789124159212753, 0.3028185188641661), (0.3573917167186737, 0.3480495917750227, 0.9323151302054719, 0.8773623810810427, 0.32484583737177847), (0.4011894814372063, 0.34561684596017395, 0.9327478731328654, 0.8780307447277484, 0.32573740958512276), (0.4247761286497116, 0.3331516237053189, 0.9329973943865855, 0.8782298317714481, 0.31957760235421784), (0.43101690351963046, 0.3949321013579728, 0.9315901104814966, 0.8770779710186146, 0.3528446893175699)]
Train_loss 8 : [(0.32924279747488294, 0.05116093611017391, 0.9322960894343818, 0.8736106259409747, 0.09409711042579533), (0.2909299841142136, 0.2775404466254001, 0.9354579208609319, 0.8815020458858593, 0.28509043031548764), (0.2579179337103617, 0.4433564472818644, 0.9417618460378943, 0.8945556760820316, 0.4215393618026313), (0.22638279447952905, 0.554267920140326, 0.9484570855554035, 0.907599092170069, 0.5212964901337642), (0.1974543813599027, 0.6399138563219992, 0.9554797311178214, 0.9207569062692152, 0.6050514107377863), (0.17393558938481493, 0.6974490344308695, 0.9610580658847075, 0.9309975710850855, 0.6640697003149186), (0.1556861749148532, 0.7356333901788447, 0.9650407716958505, 0.9382475450391098, 0.7040498274636009), (0.13923152945255307, 0.7676828585457458, 0.9687479358619434, 0.9449071435429472, 0.7387016255407526)]
val_loss 8 : [(0.3108328264951706, 0.06054970035131226, 0.9305763415900553, 0.8707071856202272, 0.1333035453297504), (0.3340619362592697, 0.13854421104054715, 0.9323885987715383, 0.8746178239786123, 0.21077633428054873), (0.33412609601020815, 0.2941225234187184, 0.9337761220728112, 0.8789124159212753, 0.3028185188641661), (0.3573917167186737, 0.3480495917750227, 0.9323151302054719, 0.8773623810810427, 0.32484583737177847), (0.4011894814372063, 0.34561684596017395, 0.9327478731328654, 0.8780307447277484, 0.32573740958512276), (0.4247761286497116, 0.3331516237053189, 0.9329973943865855, 0.8782298317714481, 0.31957760235421784), (0.43101690351963046, 0.3949321013579728, 0.9315901104814966, 0.8770779710186146, 0.3528446893175699), (0.5243605476617813, 0.3526806170765236, 0.9335465863831655, 0.8794670155430099, 0.3347360150602584)]
Train_loss 9 : [(0.32924279747488294, 0.05116093611017391, 0.9322960894343818, 0.8736106259409747, 0.09409711042579533), (0.2909299841142136, 0.2775404466254001, 0.9354579208609319, 0.8815020458858593, 0.28509043031548764), (0.2579179337103617, 0.4433564472818644, 0.9417618460378943, 0.8945556760820316, 0.4215393618026313), (0.22638279447952905, 0.554267920140326, 0.9484570855554035, 0.907599092170069, 0.5212964901337642), (0.1974543813599027, 0.6399138563219992, 0.9554797311178214, 0.9207569062692152, 0.6050514107377863), (0.17393558938481493, 0.6974490344308695, 0.9610580658847075, 0.9309975710850855, 0.6640697003149186), (0.1556861749148532, 0.7356333901788447, 0.9650407716958505, 0.9382475450391098, 0.7040498274636009), (0.13923152945255307, 0.7676828585457458, 0.9687479358619434, 0.9449071435429472, 0.7387016255407526), (0.12604795000834823, 0.7927521169475066, 0.9717658637129607, 0.9503022354597064, 0.7661031652212906)]
val_loss 9 : [(0.3108328264951706, 0.06054970035131226, 0.9305763415900553, 0.8707071856202272, 0.1333035453297504), (0.3340619362592697, 0.13854421104054715, 0.9323885987715383, 0.8746178239786123, 0.21077633428054873), (0.33412609601020815, 0.2941225234187184, 0.9337761220728112, 0.8789124159212753, 0.3028185188641661), (0.3573917167186737, 0.3480495917750227, 0.9323151302054719, 0.8773623810810427, 0.32484583737177847), (0.4011894814372063, 0.34561684596017395, 0.9327478731328654, 0.8780307447277484, 0.32573740958512276), (0.4247761286497116, 0.3331516237053189, 0.9329973943865855, 0.8782298317714481, 0.31957760235421784), (0.43101690351963046, 0.3949321013579728, 0.9315901104814966, 0.8770779710186146, 0.3528446893175699), (0.5243605476617813, 0.3526806170765236, 0.9335465863831655, 0.8794670155430099, 0.3347360150602584), (0.5548995643854141, 0.34852464081569595, 0.9339525122165142, 0.8800642766741087, 0.33471061750331754)]
Train_loss 10 : [(0.32924279747488294, 0.05116093611017391, 0.9322960894343818, 0.8736106259409747, 0.09409711042579533), (0.2909299841142136, 0.2775404466254001, 0.9354579208609319, 0.8815020458858593, 0.28509043031548764), (0.2579179337103617, 0.4433564472818644, 0.9417618460378943, 0.8945556760820316, 0.4215393618026313), (0.22638279447952905, 0.554267920140326, 0.9484570855554035, 0.907599092170069, 0.5212964901337642), (0.1974543813599027, 0.6399138563219992, 0.9554797311178214, 0.9207569062692152, 0.6050514107377863), (0.17393558938481493, 0.6974490344308695, 0.9610580658847075, 0.9309975710850855, 0.6640697003149186), (0.1556861749148532, 0.7356333901788447, 0.9650407716958505, 0.9382475450391098, 0.7040498274636009), (0.13923152945255307, 0.7676828585457458, 0.9687479358619434, 0.9449071435429472, 0.7387016255407526), (0.12604795000834823, 0.7927521169475066, 0.9717658637129607, 0.9503022354597064, 0.7661031652212906), (0.11660011427808706, 0.8105099992376693, 0.9740167878659062, 0.9543000373836358, 0.7858096888115507)]
val_loss 10 : [(0.3108328264951706, 0.06054970035131226, 0.9305763415900553, 0.8707071856202272, 0.1333035453297504), (0.3340619362592697, 0.13854421104054715, 0.9323885987715383, 0.8746178239786123, 0.21077633428054873), (0.33412609601020815, 0.2941225234187184, 0.9337761220728112, 0.8789124159212753, 0.3028185188641661), (0.3573917167186737, 0.3480495917750227, 0.9323151302054719, 0.8773623810810427, 0.32484583737177847), (0.4011894814372063, 0.34561684596017395, 0.9327478731328654, 0.8780307447277484, 0.32573740958512276), (0.4247761286497116, 0.3331516237053189, 0.9329973943865855, 0.8782298317714481, 0.31957760235421784), (0.43101690351963046, 0.3949321013579728, 0.9315901104814966, 0.8770779710186146, 0.3528446893175699), (0.5243605476617813, 0.3526806170765236, 0.9335465863831655, 0.8794670155430099, 0.3347360150602584), (0.5548995643854141, 0.34852464081569595, 0.9339525122165142, 0.8800642766741087, 0.33471061750331754), (0.6069030713438988, 0.32955356434858457, 0.9339613062461435, 0.8797656461085593, 0.32377744495028554)]
Train_loss 11 : [(0.32924279747488294, 0.05116093611017391, 0.9322960894343818, 0.8736106259409747, 0.09409711042579533), (0.2909299841142136, 0.2775404466254001, 0.9354579208609319, 0.8815020458858593, 0.28509043031548764), (0.2579179337103617, 0.4433564472818644, 0.9417618460378943, 0.8945556760820316, 0.4215393618026313), (0.22638279447952905, 0.554267920140326, 0.9484570855554035, 0.907599092170069, 0.5212964901337642), (0.1974543813599027, 0.6399138563219992, 0.9554797311178214, 0.9207569062692152, 0.6050514107377863), (0.17393558938481493, 0.6974490344308695, 0.9610580658847075, 0.9309975710850855, 0.6640697003149186), (0.1556861749148532, 0.7356333901788447, 0.9650407716958505, 0.9382475450391098, 0.7040498274636009), (0.13923152945255307, 0.7676828585457458, 0.9687479358619434, 0.9449071435429472, 0.7387016255407526), (0.12604795000834823, 0.7927521169475066, 0.9717658637129607, 0.9503022354597064, 0.7661031652212906), (0.11660011427808706, 0.8105099992376693, 0.9740167878659062, 0.9543000373836358, 0.7858096888115507), (0.10597057008614007, 0.8297947510094213, 0.9764764147982115, 0.9586655472004151, 0.8072226757818941)]
val_loss 11 : [(0.3108328264951706, 0.06054970035131226, 0.9305763415900553, 0.8707071856202272, 0.1333035453297504), (0.3340619362592697, 0.13854421104054715, 0.9323885987715383, 0.8746178239786123, 0.21077633428054873), (0.33412609601020815, 0.2941225234187184, 0.9337761220728112, 0.8789124159212753, 0.3028185188641661), (0.3573917167186737, 0.3480495917750227, 0.9323151302054719, 0.8773623810810427, 0.32484583737177847), (0.4011894814372063, 0.34561684596017395, 0.9327478731328654, 0.8780307447277484, 0.32573740958512276), (0.4247761286497116, 0.3331516237053189, 0.9329973943865855, 0.8782298317714481, 0.31957760235421784), (0.43101690351963046, 0.3949321013579728, 0.9315901104814966, 0.8770779710186146, 0.3528446893175699), (0.5243605476617813, 0.3526806170765236, 0.9335465863831655, 0.8794670155430099, 0.3347360150602584), (0.5548995643854141, 0.34852464081569595, 0.9339525122165142, 0.8800642766741087, 0.33471061750331754), (0.6069030713438988, 0.32955356434858457, 0.9339613062461435, 0.8797656461085593, 0.32377744495028554), (0.6256452711820603, 0.360308576614733, 0.9336210955893895, 0.8797229845991951, 0.3398281485897199)]
