With 2 synonyms and 2 sentences new created for each
Train_loss 1 : [(0.2598583726648773, 0.4541442356390063, 0.9436639467014025, 0.8978685577167015, 0.4360405417369533)]
val_loss 1 : [(0.38394236081838606, 0.3595283377710156, 0.9339670737350683, 0.8802775842209297, 0.34136253521976584, 0.3490514905149052, 0.9220214262525701, 0.8607267104754542, 0.3135514231973693, 0.36758995599275174, 0.9390514682034777, 0.8888180949346925, 0.35866630291730256, 0.36669335468374703, 0.9424154917615083, 0.8944301094403416, 0.36185758826509384)]
Train_loss 2 : [(0.2598583726648773, 0.4541442356390063, 0.9436639467014025, 0.8978685577167015, 0.4360405417369533), (0.1363153482082167, 0.773426788482977, 0.9698669900789312, 0.9468082012797077, 0.7456791017140397)]
val_loss 2 : [(0.38394236081838606, 0.3595283377710156, 0.9339670737350683, 0.8802775842209297, 0.34136253521976584, 0.3490514905149052, 0.9220214262525701, 0.8607267104754542, 0.3135514231973693, 0.36758995599275174, 0.9390514682034777, 0.8888180949346925, 0.35866630291730256, 0.36669335468374703, 0.9424154917615083, 0.8944301094403416, 0.36185758826509384), (0.5579682092666626, 0.3712279653420974, 0.9338488377575557, 0.8802918047240511, 0.34784298011355475, 0.3544529716223452, 0.9216030517805666, 0.860185543100116, 0.31518661216355687, 0.38015692229815234, 0.9387673459182398, 0.8885450325399353, 0.3641026340800391, 0.38654147104851333, 0.9428043383103935, 0.8953643562594537, 0.3757744776755519)]
Train_loss 3 : [(0.2598583726648773, 0.4541442356390063, 0.9436639467014025, 0.8978685577167015, 0.4360405417369533), (0.1363153482082167, 0.773426788482977, 0.9698669900789312, 0.9468082012797077, 0.7456791017140397), (0.080862705349232, 0.8723269376198813, 0.9820963416052894, 0.9685964227948808, 0.8546434251063503)]
val_loss 3 : [(0.38394236081838606, 0.3595283377710156, 0.9339670737350683, 0.8802775842209297, 0.34136253521976584, 0.3490514905149052, 0.9220214262525701, 0.8607267104754542, 0.3135514231973693, 0.36758995599275174, 0.9390514682034777, 0.8888180949346925, 0.35866630291730256, 0.36669335468374703, 0.9424154917615083, 0.8944301094403416, 0.36185758826509384), (0.5579682092666626, 0.3712279653420974, 0.9338488377575557, 0.8802918047240511, 0.34784298011355475, 0.3544529716223452, 0.9216030517805666, 0.860185543100116, 0.31518661216355687, 0.38015692229815234, 0.9387673459182398, 0.8885450325399353, 0.3641026340800391, 0.38654147104851333, 0.9428043383103935, 0.8953643562594537, 0.3757744776755519), (0.6605556960701943, 0.41678888190516095, 0.9338916903493425, 0.8812445784331849, 0.37761493639099913, 0.38626609442060084, 0.9221387346183165, 0.8618090452261307, 0.33890832652157615, 0.4335729190818456, 0.9383594479348017, 0.8888180949346925, 0.39604626736956955, 0.44199952164553935, 0.9427835683629674, 0.8962096271910313, 0.4099982683316123)]
Train_loss 4 : [(0.2598583726648773, 0.4541442356390063, 0.9436639467014025, 0.8978685577167015, 0.4360405417369533), (0.1363153482082167, 0.773426788482977, 0.9698669900789312, 0.9468082012797077, 0.7456791017140397), (0.080862705349232, 0.8723269376198813, 0.9820963416052894, 0.9685964227948808, 0.8546434251063503), (0.05181516767559307, 0.9211567658364828, 0.9888222423980829, 0.9804203321303694, 0.9100375381554403)]
val_loss 4 : [(0.38394236081838606, 0.3595283377710156, 0.9339670737350683, 0.8802775842209297, 0.34136253521976584, 0.3490514905149052, 0.9220214262525701, 0.8607267104754542, 0.3135514231973693, 0.36758995599275174, 0.9390514682034777, 0.8888180949346925, 0.35866630291730256, 0.36669335468374703, 0.9424154917615083, 0.8944301094403416, 0.36185758826509384), (0.5579682092666626, 0.3712279653420974, 0.9338488377575557, 0.8802918047240511, 0.34784298011355475, 0.3544529716223452, 0.9216030517805666, 0.860185543100116, 0.31518661216355687, 0.38015692229815234, 0.9387673459182398, 0.8885450325399353, 0.3641026340800391, 0.38654147104851333, 0.9428043383103935, 0.8953643562594537, 0.3757744776755519), (0.6605556960701943, 0.41678888190516095, 0.9338916903493425, 0.8812445784331849, 0.37761493639099913, 0.38626609442060084, 0.9221387346183165, 0.8618090452261307, 0.33890832652157615, 0.4335729190818456, 0.9383594479348017, 0.8888180949346925, 0.39604626736956955, 0.44199952164553935, 0.9427835683629674, 0.8962096271910313, 0.4099982683316123), (0.7365495105981826, 0.412020725388601, 0.9325417898499607, 0.8789692979337609, 0.3687288200937927, 0.38653198653198656, 0.9204366812227074, 0.8591418631619636, 0.3326793009182098, 0.4275161588180979, 0.9373958701469177, 0.8871342101670232, 0.3877759525663845, 0.4320723292886034, 0.9414276249601257, 0.8938072782276003, 0.39705525971526445)]
Train_loss 5 : [(0.2598583726648773, 0.4541442356390063, 0.9436639467014025, 0.8978685577167015, 0.4360405417369533), (0.1363153482082167, 0.773426788482977, 0.9698669900789312, 0.9468082012797077, 0.7456791017140397), (0.080862705349232, 0.8723269376198813, 0.9820963416052894, 0.9685964227948808, 0.8546434251063503), (0.05181516767559307, 0.9211567658364828, 0.9888222423980829, 0.9804203321303694, 0.9100375381554403), (0.03349851281829095, 0.9513695655670468, 0.9930726200663754, 0.9878727592330578, 0.9444619126183004)]
val_loss 5 : [(0.38394236081838606, 0.3595283377710156, 0.9339670737350683, 0.8802775842209297, 0.34136253521976584, 0.3490514905149052, 0.9220214262525701, 0.8607267104754542, 0.3135514231973693, 0.36758995599275174, 0.9390514682034777, 0.8888180949346925, 0.35866630291730256, 0.36669335468374703, 0.9424154917615083, 0.8944301094403416, 0.36185758826509384), (0.5579682092666626, 0.3712279653420974, 0.9338488377575557, 0.8802918047240511, 0.34784298011355475, 0.3544529716223452, 0.9216030517805666, 0.860185543100116, 0.31518661216355687, 0.38015692229815234, 0.9387673459182398, 0.8885450325399353, 0.3641026340800391, 0.38654147104851333, 0.9428043383103935, 0.8953643562594537, 0.3757744776755519), (0.6605556960701943, 0.41678888190516095, 0.9338916903493425, 0.8812445784331849, 0.37761493639099913, 0.38626609442060084, 0.9221387346183165, 0.8618090452261307, 0.33890832652157615, 0.4335729190818456, 0.9383594479348017, 0.8888180949346925, 0.39604626736956955, 0.44199952164553935, 0.9427835683629674, 0.8962096271910313, 0.4099982683316123), (0.7365495105981826, 0.412020725388601, 0.9325417898499607, 0.8789692979337609, 0.3687288200937927, 0.38653198653198656, 0.9204366812227074, 0.8591418631619636, 0.3326793009182098, 0.4275161588180979, 0.9373958701469177, 0.8871342101670232, 0.3877759525663845, 0.4320723292886034, 0.9414276249601257, 0.8938072782276003, 0.39705525971526445), (0.7542799828052521, 0.4137740666620662, 0.9326600661112476, 0.8791968259837033, 0.37043562794531776, 0.3956334766787959, 0.9200332647612378, 0.8587553150367221, 0.33789168530502733, 0.41999532819434715, 0.9374007311231564, 0.8869976789696445, 0.3825711147809082, 0.43371757925072046, 0.9421945479505787, 0.8950974285968503, 0.4016847060095129)]
Train_loss 6 : [(0.2598583726648773, 0.4541442356390063, 0.9436639467014025, 0.8978685577167015, 0.4360405417369533), (0.1363153482082167, 0.773426788482977, 0.9698669900789312, 0.9468082012797077, 0.7456791017140397), (0.080862705349232, 0.8723269376198813, 0.9820963416052894, 0.9685964227948808, 0.8546434251063503), (0.05181516767559307, 0.9211567658364828, 0.9888222423980829, 0.9804203321303694, 0.9100375381554403), (0.03349851281829095, 0.9513695655670468, 0.9930726200663754, 0.9878727592330578, 0.9444619126183004), (0.023926916322907867, 0.9660436555779118, 0.9951506112372774, 0.9915132377847681, 0.9612015189239751)]
val_loss 6 : [(0.38394236081838606, 0.3595283377710156, 0.9339670737350683, 0.8802775842209297, 0.34136253521976584, 0.3490514905149052, 0.9220214262525701, 0.8607267104754542, 0.3135514231973693, 0.36758995599275174, 0.9390514682034777, 0.8888180949346925, 0.35866630291730256, 0.36669335468374703, 0.9424154917615083, 0.8944301094403416, 0.36185758826509384), (0.5579682092666626, 0.3712279653420974, 0.9338488377575557, 0.8802918047240511, 0.34784298011355475, 0.3544529716223452, 0.9216030517805666, 0.860185543100116, 0.31518661216355687, 0.38015692229815234, 0.9387673459182398, 0.8885450325399353, 0.3641026340800391, 0.38654147104851333, 0.9428043383103935, 0.8953643562594537, 0.3757744776755519), (0.6605556960701943, 0.41678888190516095, 0.9338916903493425, 0.8812445784331849, 0.37761493639099913, 0.38626609442060084, 0.9221387346183165, 0.8618090452261307, 0.33890832652157615, 0.4335729190818456, 0.9383594479348017, 0.8888180949346925, 0.39604626736956955, 0.44199952164553935, 0.9427835683629674, 0.8962096271910313, 0.4099982683316123), (0.7365495105981826, 0.412020725388601, 0.9325417898499607, 0.8789692979337609, 0.3687288200937927, 0.38653198653198656, 0.9204366812227074, 0.8591418631619636, 0.3326793009182098, 0.4275161588180979, 0.9373958701469177, 0.8871342101670232, 0.3877759525663845, 0.4320723292886034, 0.9414276249601257, 0.8938072782276003, 0.39705525971526445), (0.7542799828052521, 0.4137740666620662, 0.9326600661112476, 0.8791968259837033, 0.37043562794531776, 0.3956334766787959, 0.9200332647612378, 0.8587553150367221, 0.33789168530502733, 0.41999532819434715, 0.9374007311231564, 0.8869976789696445, 0.3825711147809082, 0.43371757925072046, 0.9421945479505787, 0.8950974285968503, 0.4016847060095129), (0.8941162196397782, 0.4157429493475515, 0.9341076684495364, 0.8815716500049772, 0.37784608832379607, 0.40453560113390025, 0.9219334105764817, 0.8619636644762273, 0.3508870890759567, 0.4195704057279236, 0.9388268437468559, 0.8893187093250808, 0.388861637499153, 0.42832554708630444, 0.9431387414708113, 0.8965655307411692, 0.4029083592087168)]
Train_loss 7 : [(0.2598583726648773, 0.4541442356390063, 0.9436639467014025, 0.8978685577167015, 0.4360405417369533), (0.1363153482082167, 0.773426788482977, 0.9698669900789312, 0.9468082012797077, 0.7456791017140397), (0.080862705349232, 0.8723269376198813, 0.9820963416052894, 0.9685964227948808, 0.8546434251063503), (0.05181516767559307, 0.9211567658364828, 0.9888222423980829, 0.9804203321303694, 0.9100375381554403), (0.03349851281829095, 0.9513695655670468, 0.9930726200663754, 0.9878727592330578, 0.9444619126183004), (0.023926916322907867, 0.9660436555779118, 0.9951506112372774, 0.9915132377847681, 0.9612015189239751), (0.01725232930924072, 0.9763699405292476, 0.9966195760844679, 0.9940852877737879, 0.9729917983015246)]
val_loss 7 : [(0.38394236081838606, 0.3595283377710156, 0.9339670737350683, 0.8802775842209297, 0.34136253521976584, 0.3490514905149052, 0.9220214262525701, 0.8607267104754542, 0.3135514231973693, 0.36758995599275174, 0.9390514682034777, 0.8888180949346925, 0.35866630291730256, 0.36669335468374703, 0.9424154917615083, 0.8944301094403416, 0.36185758826509384), (0.5579682092666626, 0.3712279653420974, 0.9338488377575557, 0.8802918047240511, 0.34784298011355475, 0.3544529716223452, 0.9216030517805666, 0.860185543100116, 0.31518661216355687, 0.38015692229815234, 0.9387673459182398, 0.8885450325399353, 0.3641026340800391, 0.38654147104851333, 0.9428043383103935, 0.8953643562594537, 0.3757744776755519), (0.6605556960701943, 0.41678888190516095, 0.9338916903493425, 0.8812445784331849, 0.37761493639099913, 0.38626609442060084, 0.9221387346183165, 0.8618090452261307, 0.33890832652157615, 0.4335729190818456, 0.9383594479348017, 0.8888180949346925, 0.39604626736956955, 0.44199952164553935, 0.9427835683629674, 0.8962096271910313, 0.4099982683316123), (0.7365495105981826, 0.412020725388601, 0.9325417898499607, 0.8789692979337609, 0.3687288200937927, 0.38653198653198656, 0.9204366812227074, 0.8591418631619636, 0.3326793009182098, 0.4275161588180979, 0.9373958701469177, 0.8871342101670232, 0.3877759525663845, 0.4320723292886034, 0.9414276249601257, 0.8938072782276003, 0.39705525971526445), (0.7542799828052521, 0.4137740666620662, 0.9326600661112476, 0.8791968259837033, 0.37043562794531776, 0.3956334766787959, 0.9200332647612378, 0.8587553150367221, 0.33789168530502733, 0.41999532819434715, 0.9374007311231564, 0.8869976789696445, 0.3825711147809082, 0.43371757925072046, 0.9421945479505787, 0.8950974285968503, 0.4016847060095129), (0.8941162196397782, 0.4157429493475515, 0.9341076684495364, 0.8815716500049772, 0.37784608832379607, 0.40453560113390025, 0.9219334105764817, 0.8619636644762273, 0.3508870890759567, 0.4195704057279236, 0.9388268437468559, 0.8893187093250808, 0.388861637499153, 0.42832554708630444, 0.9431387414708113, 0.8965655307411692, 0.4029083592087168), (1.0704094828367234, 0.4040066777963272, 0.9321432531322762, 0.878158729255841, 0.3614843675509596, 0.3885733377881724, 0.9200069939240284, 0.8585233861615771, 0.3326429760196975, 0.41215261422515304, 0.9371284634760705, 0.886406043781004, 0.3759877443157287, 0.41795366795366795, 0.9408997353719495, 0.8926950796334193, 0.3849660921270531)]
