Train_loss 1 : [(0.2596988670428594, 0.4423549401437414, 0.9430568975210891, 0.8966656316008377, 0.42575340281886703)]
val_loss 1 : [(0.41108598244190214, 0.3796382355043969, 0.9314910583869568, 0.8766086944156084, 0.34176269965220984)]
Train_loss 2 : [(0.2596988670428594, 0.4423549401437414, 0.9430568975210891, 0.8966656316008377, 0.42575340281886703), (0.14535545800413405, 0.7568812560106071, 0.967716097217064, 0.9430011150027067, 0.7270081931893919)]
val_loss 2 : [(0.41108598244190214, 0.3796382355043969, 0.9314910583869568, 0.8766086944156084, 0.34176269965220984), (0.5780734926462173, 0.3774881855935845, 0.9313682149736334, 0.8763669458625446, 0.3397383216114773)]
Train_loss 3 : [(0.2596988670428594, 0.4423549401437414, 0.9430568975210891, 0.8966656316008377, 0.42575340281886703), (0.14535545800413405, 0.7568812560106071, 0.967716097217064, 0.9430011150027067, 0.7270081931893919), (0.09486724980956032, 0.8482965696001926, 0.978948651802155, 0.96302780435855, 0.8277030327095686)]
val_loss 3 : [(0.41108598244190214, 0.3796382355043969, 0.9314910583869568, 0.8766086944156084, 0.34176269965220984), (0.5780734926462173, 0.3774881855935845, 0.9313682149736334, 0.8763669458625446, 0.3397383216114773), (0.7182654665112496, 0.3644411656215419, 0.9322117919220692, 0.8774903656091353, 0.3349140532080163)]
Train_loss 4 : [(0.2596988670428594, 0.4423549401437414, 0.9430568975210891, 0.8966656316008377, 0.42575340281886703), (0.14535545800413405, 0.7568812560106071, 0.967716097217064, 0.9430011150027067, 0.7270081931893919), (0.09486724980956032, 0.8482965696001926, 0.978948651802155, 0.96302780435855, 0.8277030327095686), (0.06549827310052656, 0.8972757686363754, 0.9854895324832081, 0.974571067497521, 0.8828600023288193)]
val_loss 4 : [(0.41108598244190214, 0.3796382355043969, 0.9314910583869568, 0.8766086944156084, 0.34176269965220984), (0.5780734926462173, 0.3774881855935845, 0.9313682149736334, 0.8763669458625446, 0.3397383216114773), (0.7182654665112496, 0.3644411656215419, 0.9322117919220692, 0.8774903656091353, 0.3349140532080163), (0.7967876689434051, 0.36616252985020625, 0.9309352404532301, 0.8754426131596535, 0.3299979218395618)]
Train_loss 5 : [(0.2596988670428594, 0.4423549401437414, 0.9430568975210891, 0.8966656316008377, 0.42575340281886703), (0.14535545800413405, 0.7568812560106071, 0.967716097217064, 0.9430011150027067, 0.7270081931893919), (0.09486724980956032, 0.8482965696001926, 0.978948651802155, 0.96302780435855, 0.8277030327095686), (0.06549827310052656, 0.8972757686363754, 0.9854895324832081, 0.974571067497521, 0.8828600023288193), (0.045746724264252754, 0.9300456093481112, 0.9900320566254329, 0.9825505244982071, 0.9200927155940536)]
val_loss 5 : [(0.41108598244190214, 0.3796382355043969, 0.9314910583869568, 0.8766086944156084, 0.34176269965220984), (0.5780734926462173, 0.3774881855935845, 0.9313682149736334, 0.8763669458625446, 0.3397383216114773), (0.7182654665112496, 0.3644411656215419, 0.9322117919220692, 0.8774903656091353, 0.3349140532080163), (0.7967876689434051, 0.36616252985020625, 0.9309352404532301, 0.8754426131596535, 0.3299979218395618), (0.8810246188640595, 0.36134024381341706, 0.9310793033093593, 0.8755848181908676, 0.32735780993961483)]
Train_loss 6 : [(0.2596988670428594, 0.4423549401437414, 0.9430568975210891, 0.8966656316008377, 0.42575340281886703), (0.14535545800413405, 0.7568812560106071, 0.967716097217064, 0.9430011150027067, 0.7270081931893919), (0.09486724980956032, 0.8482965696001926, 0.978948651802155, 0.96302780435855, 0.8277030327095686), (0.06549827310052656, 0.8972757686363754, 0.9854895324832081, 0.974571067497521, 0.8828600023288193), (0.045746724264252754, 0.9300456093481112, 0.9900320566254329, 0.9825505244982071, 0.9200927155940536), (0.03231346381482269, 0.9521440480160053, 0.9931613479692177, 0.9880328157003588, 0.9453091288516656)]
val_loss 6 : [(0.41108598244190214, 0.3796382355043969, 0.9314910583869568, 0.8766086944156084, 0.34176269965220984), (0.5780734926462173, 0.3774881855935845, 0.9313682149736334, 0.8763669458625446, 0.3397383216114773), (0.7182654665112496, 0.3644411656215419, 0.9322117919220692, 0.8774903656091353, 0.3349140532080163), (0.7967876689434051, 0.36616252985020625, 0.9309352404532301, 0.8754426131596535, 0.3299979218395618), (0.8810246188640595, 0.36134024381341706, 0.9310793033093593, 0.8755848181908676, 0.32735780993961483), (0.8989573067426682, 0.39102829537612144, 0.9300526349166086, 0.8745182804567626, 0.34402715830199043)]
Train_loss 7 : [(0.2596988670428594, 0.4423549401437414, 0.9430568975210891, 0.8966656316008377, 0.42575340281886703), (0.14535545800413405, 0.7568812560106071, 0.967716097217064, 0.9430011150027067, 0.7270081931893919), (0.09486724980956032, 0.8482965696001926, 0.978948651802155, 0.96302780435855, 0.8277030327095686), (0.06549827310052656, 0.8972757686363754, 0.9854895324832081, 0.974571067497521, 0.8828600023288193), (0.045746724264252754, 0.9300456093481112, 0.9900320566254329, 0.9825505244982071, 0.9200927155940536), (0.03231346381482269, 0.9521440480160053, 0.9931613479692177, 0.9880328157003588, 0.9453091288516656), (0.023793228765018284, 0.9656451898604365, 0.9950825050609498, 0.9913965016998538, 0.9607283117728831)]
val_loss 7 : [(0.41108598244190214, 0.3796382355043969, 0.9314910583869568, 0.8766086944156084, 0.34176269965220984), (0.5780734926462173, 0.3774881855935845, 0.9313682149736334, 0.8763669458625446, 0.3397383216114773), (0.7182654665112496, 0.3644411656215419, 0.9322117919220692, 0.8774903656091353, 0.3349140532080163), (0.7967876689434051, 0.36616252985020625, 0.9309352404532301, 0.8754426131596535, 0.3299979218395618), (0.8810246188640595, 0.36134024381341706, 0.9310793033093593, 0.8755848181908676, 0.32735780993961483), (0.8989573067426682, 0.39102829537612144, 0.9300526349166086, 0.8745182804567626, 0.34402715830199043), (0.9440780160427094, 0.3907983393452665, 0.9289315516597987, 0.8727122765603447, 0.33981878229986434)]
Train_loss 8 : [(0.2596988670428594, 0.4423549401437414, 0.9430568975210891, 0.8966656316008377, 0.42575340281886703), (0.14535545800413405, 0.7568812560106071, 0.967716097217064, 0.9430011150027067, 0.7270081931893919), (0.09486724980956032, 0.8482965696001926, 0.978948651802155, 0.96302780435855, 0.8277030327095686), (0.06549827310052656, 0.8972757686363754, 0.9854895324832081, 0.974571067497521, 0.8828600023288193), (0.045746724264252754, 0.9300456093481112, 0.9900320566254329, 0.9825505244982071, 0.9200927155940536), (0.03231346381482269, 0.9521440480160053, 0.9931613479692177, 0.9880328157003588, 0.9453091288516656), (0.023793228765018284, 0.9656451898604365, 0.9950825050609498, 0.9913965016998538, 0.9607283117728831), (0.01822031439125671, 0.974330639470636, 0.9963243340524522, 0.9935694728735485, 0.9706552474835313)]
val_loss 8 : [(0.41108598244190214, 0.3796382355043969, 0.9314910583869568, 0.8766086944156084, 0.34176269965220984), (0.5780734926462173, 0.3774881855935845, 0.9313682149736334, 0.8763669458625446, 0.3397383216114773), (0.7182654665112496, 0.3644411656215419, 0.9322117919220692, 0.8774903656091353, 0.3349140532080163), (0.7967876689434051, 0.36616252985020625, 0.9309352404532301, 0.8754426131596535, 0.3299979218395618), (0.8810246188640595, 0.36134024381341706, 0.9310793033093593, 0.8755848181908676, 0.32735780993961483), (0.8989573067426682, 0.39102829537612144, 0.9300526349166086, 0.8745182804567626, 0.34402715830199043), (0.9440780160427094, 0.3907983393452665, 0.9289315516597987, 0.8727122765603447, 0.33981878229986434), (1.0269084532260895, 0.37212285327442457, 0.9304077909153378, 0.8747031469973408, 0.331849370462251)]
Train_loss 9 : [(0.2596988670428594, 0.4423549401437414, 0.9430568975210891, 0.8966656316008377, 0.42575340281886703), (0.14535545800413405, 0.7568812560106071, 0.967716097217064, 0.9430011150027067, 0.7270081931893919), (0.09486724980956032, 0.8482965696001926, 0.978948651802155, 0.96302780435855, 0.8277030327095686), (0.06549827310052656, 0.8972757686363754, 0.9854895324832081, 0.974571067497521, 0.8828600023288193), (0.045746724264252754, 0.9300456093481112, 0.9900320566254329, 0.9825505244982071, 0.9200927155940536), (0.03231346381482269, 0.9521440480160053, 0.9931613479692177, 0.9880328157003588, 0.9453091288516656), (0.023793228765018284, 0.9656451898604365, 0.9950825050609498, 0.9913965016998538, 0.9607283117728831), (0.01822031439125671, 0.974330639470636, 0.9963243340524522, 0.9935694728735485, 0.9706552474835313), (0.014465644095281494, 0.9802559775114599, 0.9971718268656239, 0.9950523631019822, 0.9774278848485424)]
val_loss 9 : [(0.41108598244190214, 0.3796382355043969, 0.9314910583869568, 0.8766086944156084, 0.34176269965220984), (0.5780734926462173, 0.3774881855935845, 0.9313682149736334, 0.8763669458625446, 0.3397383216114773), (0.7182654665112496, 0.3644411656215419, 0.9322117919220692, 0.8774903656091353, 0.3349140532080163), (0.7967876689434051, 0.36616252985020625, 0.9309352404532301, 0.8754426131596535, 0.3299979218395618), (0.8810246188640595, 0.36134024381341706, 0.9310793033093593, 0.8755848181908676, 0.32735780993961483), (0.8989573067426682, 0.39102829537612144, 0.9300526349166086, 0.8745182804567626, 0.34402715830199043), (0.9440780160427094, 0.3907983393452665, 0.9289315516597987, 0.8727122765603447, 0.33981878229986434), (1.0269084532260895, 0.37212285327442457, 0.9304077909153378, 0.8747031469973408, 0.331849370462251), (1.0335683481693267, 0.38136373291793524, 0.9309431784949296, 0.8757554642283244, 0.34061369504195677)]
Train_loss 10 : [(0.2596988670428594, 0.4423549401437414, 0.9430568975210891, 0.8966656316008377, 0.42575340281886703), (0.14535545800413405, 0.7568812560106071, 0.967716097217064, 0.9430011150027067, 0.7270081931893919), (0.09486724980956032, 0.8482965696001926, 0.978948651802155, 0.96302780435855, 0.8277030327095686), (0.06549827310052656, 0.8972757686363754, 0.9854895324832081, 0.974571067497521, 0.8828600023288193), (0.045746724264252754, 0.9300456093481112, 0.9900320566254329, 0.9825505244982071, 0.9200927155940536), (0.03231346381482269, 0.9521440480160053, 0.9931613479692177, 0.9880328157003588, 0.9453091288516656), (0.023793228765018284, 0.9656451898604365, 0.9950825050609498, 0.9913965016998538, 0.9607283117728831), (0.01822031439125671, 0.974330639470636, 0.9963243340524522, 0.9935694728735485, 0.9706552474835313), (0.014465644095281494, 0.9802559775114599, 0.9971718268656239, 0.9950523631019822, 0.9774278848485424), (0.011736312873212487, 0.9839995953981867, 0.9977079306514609, 0.9959902594857779, 0.9817075843311471)]
val_loss 10 : [(0.41108598244190214, 0.3796382355043969, 0.9314910583869568, 0.8766086944156084, 0.34176269965220984), (0.5780734926462173, 0.3774881855935845, 0.9313682149736334, 0.8763669458625446, 0.3397383216114773), (0.7182654665112496, 0.3644411656215419, 0.9322117919220692, 0.8774903656091353, 0.3349140532080163), (0.7967876689434051, 0.36616252985020625, 0.9309352404532301, 0.8754426131596535, 0.3299979218395618), (0.8810246188640595, 0.36134024381341706, 0.9310793033093593, 0.8755848181908676, 0.32735780993961483), (0.8989573067426682, 0.39102829537612144, 0.9300526349166086, 0.8745182804567626, 0.34402715830199043), (0.9440780160427094, 0.3907983393452665, 0.9289315516597987, 0.8727122765603447, 0.33981878229986434), (1.0269084532260895, 0.37212285327442457, 0.9304077909153378, 0.8747031469973408, 0.331849370462251), (1.0335683481693267, 0.38136373291793524, 0.9309431784949296, 0.8757554642283244, 0.34061369504195677), (1.089434811115265, 0.39230089097463106, 0.9290529542079896, 0.8729398046102871, 0.3413711231293385)]
Train_loss 11 : [(0.2596988670428594, 0.4423549401437414, 0.9430568975210891, 0.8966656316008377, 0.42575340281886703), (0.14535545800413405, 0.7568812560106071, 0.967716097217064, 0.9430011150027067, 0.7270081931893919), (0.09486724980956032, 0.8482965696001926, 0.978948651802155, 0.96302780435855, 0.8277030327095686), (0.06549827310052656, 0.8972757686363754, 0.9854895324832081, 0.974571067497521, 0.8828600023288193), (0.045746724264252754, 0.9300456093481112, 0.9900320566254329, 0.9825505244982071, 0.9200927155940536), (0.03231346381482269, 0.9521440480160053, 0.9931613479692177, 0.9880328157003588, 0.9453091288516656), (0.023793228765018284, 0.9656451898604365, 0.9950825050609498, 0.9913965016998538, 0.9607283117728831), (0.01822031439125671, 0.974330639470636, 0.9963243340524522, 0.9935694728735485, 0.9706552474835313), (0.014465644095281494, 0.9802559775114599, 0.9971718268656239, 0.9950523631019822, 0.9774278848485424), (0.011736312873212487, 0.9839995953981867, 0.9977079306514609, 0.9959902594857779, 0.9817075843311471), (0.00975374302065133, 0.9866133988445922, 0.9980821643573136, 0.9966449858731858, 0.9846955921132662)]
val_loss 11 : [(0.41108598244190214, 0.3796382355043969, 0.9314910583869568, 0.8766086944156084, 0.34176269965220984), (0.5780734926462173, 0.3774881855935845, 0.9313682149736334, 0.8763669458625446, 0.3397383216114773), (0.7182654665112496, 0.3644411656215419, 0.9322117919220692, 0.8774903656091353, 0.3349140532080163), (0.7967876689434051, 0.36616252985020625, 0.9309352404532301, 0.8754426131596535, 0.3299979218395618), (0.8810246188640595, 0.36134024381341706, 0.9310793033093593, 0.8755848181908676, 0.32735780993961483), (0.8989573067426682, 0.39102829537612144, 0.9300526349166086, 0.8745182804567626, 0.34402715830199043), (0.9440780160427094, 0.3907983393452665, 0.9289315516597987, 0.8727122765603447, 0.33981878229986434), (1.0269084532260895, 0.37212285327442457, 0.9304077909153378, 0.8747031469973408, 0.331849370462251), (1.0335683481693267, 0.38136373291793524, 0.9309431784949296, 0.8757554642283244, 0.34061369504195677), (1.089434811115265, 0.39230089097463106, 0.9290529542079896, 0.8729398046102871, 0.3413711231293385), (1.136594078540802, 0.37711056163899676, 0.9302932317155121, 0.8746178239786123, 0.33491168926083303)]
